((("len" .
   [1 0 0])
  ("str" .
   [3 0 0])
  ("a" .
   [1])
  ("CHARACTER" .
   [0 0 0 0 0 0 1 0 0])
  ("NONE" .
   [0 0 0 1])
  ("implied" .
   [0 0 0 0 0 1 0])
  ("test" .
   [1 0 0 0])
  ("end" .
   [1 0 0])
  ("USE" .
   [0 0 1])
  ("defun" .
   [1 0 0 0 0])
  ("kbd" .
   [3 0 0])
  ("ivy-rich" .
   [1 0 0 0 0 0 0 0])
  ("ivy" .
   [0 0 1])
  ("global-unset-key" .
   [0 0 0 0 0 0 0 0 0 0 0 1 \.\.\.])
  ("evil-surround" .
   [0 0 0 0 0 0 0 0 0 0 0 1 \.\.\.])
  ("gs-load-image" .
   [0 0 1 0 0 0 0 0 0 0 0 0 \.\.\.])
  ("c" .
   [3])
  ("sdb" .
   [0 0 1])
  ("cal-china-x" .
   [0 0 0 0 0 0 0 0 0 1 0])
  ("df" .
   [1 0])
  ("program" .
   [1 0 0 0 0 0 2])))
